31|001|Adams|24426
31|001|Adams|24427
31|001|Adams|24726
31|001|Adams|24727
31|003|Antelope|26227
31|003|Antelope|26228
31|003|Antelope|26229
31|003|Antelope|26527
31|003|Antelope|26528
31|003|Antelope|26529
31|003|Antelope|26827
31|003|Antelope|26828
31|003|Antelope|26829
31|005|Arthur|25613
31|005|Arthur|25614
31|005|Arthur|25615
31|005|Arthur|25913
31|005|Arthur|25914
31|005|Arthur|25915
31|007|Banner|25604
31|007|Banner|25605
31|007|Banner|25606
31|007|Banner|25607
31|007|Banner|25904
31|007|Banner|25905
31|007|Banner|25906
31|007|Banner|25907
31|009|Blaine|25919
31|009|Blaine|25920
31|009|Blaine|25921
31|009|Blaine|25922
31|009|Blaine|26219
31|009|Blaine|26220
31|009|Blaine|26221
31|009|Blaine|26222
31|009|Blaine|26519
31|009|Blaine|26520
31|009|Blaine|26521
31|009|Blaine|26522
31|011|Boone|25627
31|011|Boone|25628
31|011|Boone|25927
31|011|Boone|25928
31|011|Boone|25929
31|011|Boone|26227
31|011|Boone|26228
31|011|Boone|26229
31|013|Box Butte|26507
31|013|Box Butte|26508
31|013|Box Butte|26509
31|013|Box Butte|26510
31|013|Box Butte|26807
31|013|Box Butte|26808
31|013|Box Butte|26809
31|013|Box Butte|26810
31|015|Boyd|27423
31|015|Boyd|27424
31|015|Boyd|27425
31|015|Boyd|27426
31|015|Boyd|27427
31|017|Brown|26520
31|017|Brown|26521
31|017|Brown|26522
31|017|Brown|26820
31|017|Brown|26821
31|017|Brown|26822
31|017|Brown|27120
31|017|Brown|27121
31|017|Brown|27122
31|017|Brown|27420
31|017|Brown|27421
31|019|Buffalo|24723
31|019|Buffalo|24724
31|019|Buffalo|24725
31|019|Buffalo|24726
31|019|Buffalo|25023
31|019|Buffalo|25024
31|019|Buffalo|25025
31|019|Buffalo|25026
31|019|Buffalo|25323
31|019|Buffalo|25324
31|019|Buffalo|25325
31|019|Buffalo|25326
31|021|Burt|25934
31|021|Burt|25935
31|021|Burt|25936
31|021|Burt|26234
31|021|Burt|26235
31|021|Burt|26236
31|021|Burt|26534
31|021|Burt|26535
31|021|Burt|26536
31|023|Butler|25331
31|023|Butler|25332
31|023|Butler|25333
31|023|Butler|25631
31|023|Butler|25632
31|023|Butler|25633
31|025|Cass|25035
31|025|Cass|25036
31|025|Cass|25037
31|025|Cass|25335
31|025|Cass|25336
31|025|Cass|25337
31|027|Cedar|26831
31|027|Cedar|26832
31|027|Cedar|27131
31|027|Cedar|27132
31|027|Cedar|27431
31|027|Cedar|27432
31|029|Chase|24412
31|029|Chase|24413
31|029|Chase|24414
31|029|Chase|24415
31|029|Chase|24712
31|029|Chase|24713
31|029|Chase|24714
31|029|Chase|24715
31|031|Cherry|26512
31|031|Cherry|26513
31|031|Cherry|26514
31|031|Cherry|26515
31|031|Cherry|26516
31|031|Cherry|26517
31|031|Cherry|26518
31|031|Cherry|26519
31|031|Cherry|26520
31|031|Cherry|26812
31|031|Cherry|26813
31|031|Cherry|26814
31|031|Cherry|26815
31|031|Cherry|26816
31|031|Cherry|26817
31|031|Cherry|26818
31|031|Cherry|26819
31|031|Cherry|26820
31|031|Cherry|27112
31|031|Cherry|27113
31|031|Cherry|27114
31|031|Cherry|27115
31|031|Cherry|27116
31|031|Cherry|27117
31|031|Cherry|27118
31|031|Cherry|27119
31|031|Cherry|27120
31|031|Cherry|27412
31|031|Cherry|27413
31|031|Cherry|27414
31|031|Cherry|27415
31|031|Cherry|27416
31|031|Cherry|27417
31|031|Cherry|27418
31|031|Cherry|27419
31|031|Cherry|27420
31|033|Cheyenne|25307
31|033|Cheyenne|25308
31|033|Cheyenne|25309
31|033|Cheyenne|25310
31|033|Cheyenne|25607
31|033|Cheyenne|25608
31|033|Cheyenne|25609
31|033|Cheyenne|25610
31|035|Clay|24427
31|035|Clay|24428
31|035|Clay|24429
31|035|Clay|24727
31|035|Clay|24728
31|035|Clay|24729
31|037|Colfax|25631
31|037|Colfax|25632
31|037|Colfax|25633
31|037|Colfax|25931
31|037|Colfax|25932
31|037|Colfax|25933
31|039|Cuming|25932
31|039|Cuming|25933
31|039|Cuming|25934
31|039|Cuming|26232
31|039|Cuming|26233
31|039|Cuming|26234
31|039|Cuming|26532
31|039|Cuming|26533
31|039|Cuming|26534
31|041|Custer|25320
31|041|Custer|25321
31|041|Custer|25322
31|041|Custer|25323
31|041|Custer|25324
31|041|Custer|25619
31|041|Custer|25620
31|041|Custer|25621
31|041|Custer|25622
31|041|Custer|25623
31|041|Custer|25624
31|041|Custer|25919
31|041|Custer|25920
31|041|Custer|25921
31|041|Custer|25922
31|041|Custer|25923
31|041|Custer|25924
31|043|Dakota|26834
31|043|Dakota|26835
31|043|Dakota|27134
31|045|Dawes|26807
31|045|Dawes|26808
31|045|Dawes|26809
31|045|Dawes|27107
31|045|Dawes|27108
31|045|Dawes|27109
31|045|Dawes|27406
31|045|Dawes|27407
31|045|Dawes|27408
31|045|Dawes|27409
31|045|Dawes|27706
31|045|Dawes|27707
31|045|Dawes|27708
31|045|Dawes|27709
31|047|Dawson|24720
31|047|Dawson|24721
31|047|Dawson|24722
31|047|Dawson|24723
31|047|Dawson|25020
31|047|Dawson|25021
31|047|Dawson|25022
31|047|Dawson|25023
31|047|Dawson|25320
31|047|Dawson|25321
31|047|Dawson|25322
31|047|Dawson|25323
31|049|Deuel|25310
31|049|Deuel|25311
31|049|Deuel|25312
31|051|Dixon|26832
31|051|Dixon|26833
31|051|Dixon|26834
31|051|Dixon|27132
31|051|Dixon|27133
31|051|Dixon|27134
31|051|Dixon|27432
31|051|Dixon|27433
31|053|Dodge|25633
31|053|Dodge|25634
31|053|Dodge|25635
31|053|Dodge|25933
31|053|Dodge|25934
31|053|Dodge|25935
31|055|Douglas|25335
31|055|Douglas|25336
31|055|Douglas|25337
31|055|Douglas|25635
31|055|Douglas|25636
31|055|Douglas|25637
31|057|Dundy|24112
31|057|Dundy|24113
31|057|Dundy|24114
31|057|Dundy|24115
31|057|Dundy|24412
31|057|Dundy|24413
31|057|Dundy|24414
31|057|Dundy|24415
31|059|Fillmore|24429
31|059|Fillmore|24430
31|059|Fillmore|24431
31|059|Fillmore|24729
31|059|Fillmore|24730
31|059|Fillmore|24731
31|061|Franklin|24124
31|061|Franklin|24125
31|061|Franklin|24126
31|061|Franklin|24424
31|061|Franklin|24425
31|061|Franklin|24426
31|063|Frontier|24417
31|063|Frontier|24418
31|063|Frontier|24419
31|063|Frontier|24420
31|063|Frontier|24421
31|063|Frontier|24717
31|063|Frontier|24718
31|063|Frontier|24719
31|063|Frontier|24720
31|063|Frontier|24721
31|065|Furnas|24120
31|065|Furnas|24121
31|065|Furnas|24122
31|065|Furnas|24420
31|065|Furnas|24421
31|065|Furnas|24422
31|067|Gage|24133
31|067|Gage|24134
31|067|Gage|24135
31|067|Gage|24433
31|067|Gage|24434
31|067|Gage|24435
31|067|Gage|24733
31|067|Gage|24734
31|067|Gage|24735
31|069|Garden|25310
31|069|Garden|25311
31|069|Garden|25312
31|069|Garden|25610
31|069|Garden|25611
31|069|Garden|25612
31|069|Garden|25613
31|069|Garden|25910
31|069|Garden|25911
31|069|Garden|25912
31|069|Garden|25913
31|069|Garden|26210
31|069|Garden|26211
31|069|Garden|26212
31|069|Garden|26510
31|069|Garden|26511
31|069|Garden|26512
31|071|Garfield|25924
31|071|Garfield|25925
31|071|Garfield|26224
31|071|Garfield|26225
31|071|Garfield|26524
31|071|Garfield|26525
31|073|Gosper|24420
31|073|Gosper|24421
31|073|Gosper|24422
31|073|Gosper|24721
31|073|Gosper|24722
31|075|Grant|25912
31|075|Grant|25913
31|075|Grant|25914
31|075|Grant|25915
31|075|Grant|26212
31|075|Grant|26213
31|075|Grant|26214
31|075|Grant|26215
31|075|Grant|26512
31|075|Grant|26513
31|075|Grant|26514
31|075|Grant|26515
31|077|Greeley|25625
31|077|Greeley|25626
31|077|Greeley|25627
31|077|Greeley|25925
31|077|Greeley|25926
31|077|Greeley|25927
31|079|Hall|24726
31|079|Hall|24727
31|079|Hall|25026
31|079|Hall|25027
31|079|Hall|25326
31|079|Hall|25327
31|081|Hamilton|24727
31|081|Hamilton|24728
31|081|Hamilton|24729
31|081|Hamilton|25027
31|081|Hamilton|25028
31|081|Hamilton|25029
31|081|Hamilton|25328
31|081|Hamilton|25329
31|083|Harlan|24122
31|083|Harlan|24123
31|083|Harlan|24124
31|083|Harlan|24422
31|083|Harlan|24423
31|083|Harlan|24424
31|085|Hayes|24415
31|085|Hayes|24416
31|085|Hayes|24417
31|085|Hayes|24715
31|085|Hayes|24716
31|085|Hayes|24717
31|087|Hitchcock|24115
31|087|Hitchcock|24116
31|087|Hitchcock|24117
31|087|Hitchcock|24415
31|087|Hitchcock|24416
31|087|Hitchcock|24417
31|089|Holt|26524
31|089|Holt|26525
31|089|Holt|26526
31|089|Holt|26527
31|089|Holt|26824
31|089|Holt|26825
31|089|Holt|26826
31|089|Holt|26827
31|089|Holt|27124
31|089|Holt|27125
31|089|Holt|27126
31|089|Holt|27127
31|089|Holt|27423
31|089|Holt|27424
31|089|Holt|27425
31|089|Holt|27426
31|089|Holt|27427
31|091|Hooker|25915
31|091|Hooker|25916
31|091|Hooker|25917
31|091|Hooker|26215
31|091|Hooker|26216
31|091|Hooker|26217
31|091|Hooker|26515
31|091|Hooker|26516
31|091|Hooker|26517
31|093|Howard|25326
31|093|Howard|25327
31|093|Howard|25626
31|093|Howard|25627
31|095|Jefferson|24131
31|095|Jefferson|24132
31|095|Jefferson|24133
31|095|Jefferson|24431
31|095|Jefferson|24432
31|095|Jefferson|24433
31|097|Johnson|24435
31|097|Johnson|24436
31|097|Johnson|24735
31|097|Johnson|24736
31|099|Kearney|24424
31|099|Kearney|24425
31|099|Kearney|24426
31|099|Kearney|24724
31|099|Kearney|24725
31|099|Kearney|24726
31|101|Keith|25312
31|101|Keith|25313
31|101|Keith|25314
31|101|Keith|25315
31|101|Keith|25316
31|101|Keith|25612
31|101|Keith|25613
31|101|Keith|25614
31|101|Keith|25615
31|103|Keya Paha|27121
31|103|Keya Paha|27122
31|103|Keya Paha|27123
31|103|Keya Paha|27420
31|103|Keya Paha|27421
31|103|Keya Paha|27422
31|103|Keya Paha|27423
31|105|Kimball|25304
31|105|Kimball|25305
31|105|Kimball|25306
31|105|Kimball|25307
31|105|Kimball|25604
31|105|Kimball|25605
31|105|Kimball|25606
31|105|Kimball|25607
31|107|Knox|26827
31|107|Knox|26828
31|107|Knox|26829
31|107|Knox|26830
31|107|Knox|26831
31|107|Knox|27127
31|107|Knox|27128
31|107|Knox|27129
31|107|Knox|27130
31|107|Knox|27131
31|107|Knox|27427
31|107|Knox|27428
31|107|Knox|27429
31|107|Knox|27430
31|107|Knox|27431
31|109|Lancaster|24733
31|109|Lancaster|24734
31|109|Lancaster|24735
31|109|Lancaster|25033
31|109|Lancaster|25034
31|109|Lancaster|25035
31|109|Lancaster|25333
31|109|Lancaster|25334
31|109|Lancaster|25335
31|111|Lincoln|24716
31|111|Lincoln|24717
31|111|Lincoln|24718
31|111|Lincoln|24719
31|111|Lincoln|24720
31|111|Lincoln|25016
31|111|Lincoln|25017
31|111|Lincoln|25018
31|111|Lincoln|25019
31|111|Lincoln|25020
31|111|Lincoln|25315
31|111|Lincoln|25316
31|111|Lincoln|25317
31|111|Lincoln|25318
31|111|Lincoln|25319
31|111|Lincoln|25320
31|111|Lincoln|25615
31|111|Lincoln|25616
31|111|Lincoln|25617
31|111|Lincoln|25618
31|111|Lincoln|25619
31|111|Lincoln|25620
31|113|Logan|25618
31|113|Logan|25619
31|113|Logan|25918
31|113|Logan|25919
31|115|Loup|25922
31|115|Loup|25923
31|115|Loup|25924
31|115|Loup|26222
31|115|Loup|26223
31|115|Loup|26224
31|115|Loup|26522
31|115|Loup|26523
31|115|Loup|26524
31|117|Mcpherson|25615
31|117|Mcpherson|25616
31|117|Mcpherson|25617
31|117|Mcpherson|25618
31|117|Mcpherson|25915
31|117|Mcpherson|25916
31|117|Mcpherson|25917
31|117|Mcpherson|25918
31|119|Madison|25929
31|119|Madison|25930
31|119|Madison|25931
31|119|Madison|26229
31|119|Madison|26230
31|119|Madison|26231
31|119|Madison|26529
31|119|Madison|26530
31|119|Madison|26531
31|121|Merrick|25027
31|121|Merrick|25028
31|121|Merrick|25327
31|121|Merrick|25328
31|121|Merrick|25329
31|121|Merrick|25330
31|121|Merrick|25627
31|121|Merrick|25628
31|121|Merrick|25629
31|121|Merrick|25630
31|123|Morrill|25607
31|123|Morrill|25608
31|123|Morrill|25609
31|123|Morrill|25610
31|123|Morrill|25907
31|123|Morrill|25908
31|123|Morrill|25909
31|123|Morrill|25910
31|123|Morrill|26207
31|123|Morrill|26208
31|123|Morrill|26209
31|123|Morrill|26210
31|123|Morrill|26507
31|123|Morrill|26508
31|123|Morrill|26509
31|123|Morrill|26510
31|125|Nance|25627
31|125|Nance|25628
31|125|Nance|25629
31|125|Nance|25630
31|125|Nance|25928
31|125|Nance|25929
31|125|Nance|25930
31|127|Nemaha|24436
31|127|Nemaha|24437
31|127|Nemaha|24438
31|127|Nemaha|24736
31|127|Nemaha|24737
31|127|Nemaha|24738
31|129|Nuckolls|24127
31|129|Nuckolls|24128
31|129|Nuckolls|24129
31|129|Nuckolls|24427
31|129|Nuckolls|24428
31|129|Nuckolls|24429
31|131|Otoe|24735
31|131|Otoe|24736
31|131|Otoe|24737
31|131|Otoe|24738
31|131|Otoe|25035
31|131|Otoe|25036
31|131|Otoe|25037
31|133|Pawnee|24135
31|133|Pawnee|24136
31|133|Pawnee|24435
31|133|Pawnee|24436
31|135|Perkins|24712
31|135|Perkins|24713
31|135|Perkins|24714
31|135|Perkins|24715
31|135|Perkins|24716
31|135|Perkins|25012
31|135|Perkins|25013
31|135|Perkins|25014
31|135|Perkins|25015
31|135|Perkins|25016
31|135|Perkins|25312
31|135|Perkins|25313
31|135|Perkins|25314
31|135|Perkins|25315
31|135|Perkins|25316
31|137|Phelps|24422
31|137|Phelps|24423
31|137|Phelps|24424
31|137|Phelps|24722
31|137|Phelps|24723
31|137|Phelps|24724
31|139|Pierce|26529
31|139|Pierce|26530
31|139|Pierce|26531
31|139|Pierce|26829
31|139|Pierce|26830
31|139|Pierce|26831
31|141|Platte|25630
31|141|Platte|25631
31|141|Platte|25929
31|141|Platte|25930
31|141|Platte|25931
31|143|Polk|25329
31|143|Polk|25330
31|143|Polk|25331
31|143|Polk|25630
31|143|Polk|25631
31|145|Red Willow|24117
31|145|Red Willow|24118
31|145|Red Willow|24119
31|145|Red Willow|24120
31|145|Red Willow|24417
31|145|Red Willow|24418
31|145|Red Willow|24419
31|145|Red Willow|24420
31|147|Richardson|23839
31|147|Richardson|24136
31|147|Richardson|24137
31|147|Richardson|24138
31|147|Richardson|24139
31|147|Richardson|24436
31|147|Richardson|24437
31|147|Richardson|24438
31|149|Rock|26522
31|149|Rock|26523
31|149|Rock|26524
31|149|Rock|26822
31|149|Rock|26823
31|149|Rock|26824
31|149|Rock|27122
31|149|Rock|27123
31|149|Rock|27124
31|149|Rock|27423
31|149|Rock|27424
31|151|Saline|24431
31|151|Saline|24432
31|151|Saline|24433
31|151|Saline|24731
31|151|Saline|24732
31|151|Saline|24733
31|153|Sarpy|25036
31|153|Sarpy|25335
31|153|Sarpy|25336
31|153|Sarpy|25337
31|155|Saunders|25333
31|155|Saunders|25334
31|155|Saunders|25335
31|155|Saunders|25633
31|155|Saunders|25634
31|155|Saunders|25635
31|157|Scotts Bluff|25904
31|157|Scotts Bluff|25905
31|157|Scotts Bluff|25906
31|157|Scotts Bluff|25907
31|157|Scotts Bluff|26204
31|157|Scotts Bluff|26205
31|157|Scotts Bluff|26206
31|157|Scotts Bluff|26207
31|157|Scotts Bluff|26504
31|157|Scotts Bluff|26505
31|157|Scotts Bluff|26506
31|157|Scotts Bluff|26507
31|159|Seward|24731
31|159|Seward|24732
31|159|Seward|24733
31|159|Seward|25031
31|159|Seward|25032
31|159|Seward|25033
31|159|Seward|25331
31|159|Seward|25332
31|159|Seward|25333
31|161|Sheridan|26510
31|161|Sheridan|26511
31|161|Sheridan|26512
31|161|Sheridan|26809
31|161|Sheridan|26810
31|161|Sheridan|26811
31|161|Sheridan|26812
31|161|Sheridan|27109
31|161|Sheridan|27110
31|161|Sheridan|27111
31|161|Sheridan|27112
31|161|Sheridan|27409
31|161|Sheridan|27410
31|161|Sheridan|27411
31|161|Sheridan|27412
31|163|Sherman|25324
31|163|Sherman|25325
31|163|Sherman|25326
31|163|Sherman|25624
31|163|Sherman|25625
31|163|Sherman|25626
31|165|Sioux|26504
31|165|Sioux|26505
31|165|Sioux|26506
31|165|Sioux|26507
31|165|Sioux|26804
31|165|Sioux|26805
31|165|Sioux|26806
31|165|Sioux|26807
31|165|Sioux|27104
31|165|Sioux|27105
31|165|Sioux|27106
31|165|Sioux|27107
31|165|Sioux|27404
31|165|Sioux|27405
31|165|Sioux|27406
31|165|Sioux|27407
31|165|Sioux|27704
31|165|Sioux|27705
31|165|Sioux|27706
31|167|Stanton|25931
31|167|Stanton|25932
31|167|Stanton|26231
31|167|Stanton|26232
31|167|Stanton|26531
31|167|Stanton|26532
31|169|Thayer|24129
31|169|Thayer|24130
31|169|Thayer|24131
31|169|Thayer|24429
31|169|Thayer|24430
31|169|Thayer|24431
31|171|Thomas|25917
31|171|Thomas|25918
31|171|Thomas|25919
31|171|Thomas|26217
31|171|Thomas|26218
31|171|Thomas|26219
31|171|Thomas|26517
31|171|Thomas|26518
31|171|Thomas|26519
31|173|Thurston|26533
31|173|Thurston|26534
31|173|Thurston|26535
31|173|Thurston|26833
31|173|Thurston|26834
31|173|Thurston|26835
31|175|Valley|25624
31|175|Valley|25625
31|175|Valley|25924
31|175|Valley|25925
31|177|Washington|25635
31|177|Washington|25636
31|177|Washington|25637
31|177|Washington|25935
31|177|Washington|25936
31|177|Washington|25937
31|179|Wayne|26531
31|179|Wayne|26532
31|179|Wayne|26533
31|179|Wayne|26831
31|179|Wayne|26832
31|179|Wayne|26833
31|181|Webster|24126
31|181|Webster|24127
31|181|Webster|24426
31|181|Webster|24427
31|183|Wheeler|25925
31|183|Wheeler|25926
31|183|Wheeler|25927
31|183|Wheeler|26225
31|183|Wheeler|26226
31|183|Wheeler|26227
31|183|Wheeler|26525
31|183|Wheeler|26526
31|183|Wheeler|26527
31|185|York|24729
31|185|York|24730
31|185|York|24731
31|185|York|25029
31|185|York|25030
31|185|York|25031
31|185|York|25329
31|185|York|25330
31|185|York|25331
38|001|Adams|31009
38|001|Adams|31010
38|001|Adams|31011
38|001|Adams|31012
38|001|Adams|31013
38|001|Adams|31309
38|001|Adams|31310
38|001|Adams|31311
38|001|Adams|31312
38|001|Adams|31313
38|001|Adams|31609
38|001|Adams|31610
38|001|Adams|31611
38|003|Barnes|31927
38|003|Barnes|31928
38|003|Barnes|31929
38|003|Barnes|31930
38|003|Barnes|32227
38|003|Barnes|32228
38|003|Barnes|32229
38|003|Barnes|32230
38|003|Barnes|32527
38|003|Barnes|32528
38|003|Barnes|32529
38|003|Barnes|32530
38|005|Benson|33421
38|005|Benson|33422
38|005|Benson|33423
38|005|Benson|33424
38|005|Benson|33425
38|005|Benson|33426
38|005|Benson|33721
38|005|Benson|33722
38|005|Benson|33723
38|005|Benson|33724
38|005|Benson|33725
38|005|Benson|33726
38|005|Benson|34021
38|005|Benson|34022
38|005|Benson|34023
38|005|Benson|34024
38|007|Billings|31906
38|007|Billings|31907
38|007|Billings|31908
38|007|Billings|32206
38|007|Billings|32207
38|007|Billings|32208
38|007|Billings|32506
38|007|Billings|32507
38|007|Billings|32508
38|007|Billings|32806
38|007|Billings|32807
38|007|Billings|32808
38|009|Bottineau|34315
38|009|Bottineau|34316
38|009|Bottineau|34317
38|009|Bottineau|34318
38|009|Bottineau|34319
38|009|Bottineau|34320
38|009|Bottineau|34615
38|009|Bottineau|34616
38|009|Bottineau|34617
38|009|Bottineau|34618
38|009|Bottineau|34619
38|009|Bottineau|34620
38|011|Bowman|31004
38|011|Bowman|31005
38|011|Bowman|31006
38|011|Bowman|31007
38|011|Bowman|31008
38|011|Bowman|31009
38|011|Bowman|31304
38|011|Bowman|31305
38|011|Bowman|31306
38|011|Bowman|31307
38|011|Bowman|31308
38|011|Bowman|31309
38|011|Bowman|31604
38|011|Bowman|31605
38|011|Bowman|31606
38|011|Bowman|31607
38|011|Bowman|31608
38|011|Bowman|31609
38|013|Burke|34309
38|013|Burke|34310
38|013|Burke|34311
38|013|Burke|34312
38|013|Burke|34609
38|013|Burke|34610
38|013|Burke|34611
38|013|Burke|34612
38|015|Burleigh|31917
38|015|Burleigh|31918
38|015|Burleigh|31919
38|015|Burleigh|31920
38|015|Burleigh|32217
38|015|Burleigh|32218
38|015|Burleigh|32219
38|015|Burleigh|32220
38|015|Burleigh|32517
38|015|Burleigh|32518
38|015|Burleigh|32519
38|015|Burleigh|32520
38|015|Burleigh|32818
38|015|Burleigh|32819
38|015|Burleigh|32820
38|017|Cass|31930
38|017|Cass|31931
38|017|Cass|31932
38|017|Cass|31933
38|017|Cass|32230
38|017|Cass|32231
38|017|Cass|32232
38|017|Cass|32233
38|017|Cass|32530
38|017|Cass|32531
38|017|Cass|32532
38|017|Cass|32533
38|019|Cavalier|34324
38|019|Cavalier|34325
38|019|Cavalier|34326
38|019|Cavalier|34327
38|019|Cavalier|34328
38|019|Cavalier|34329
38|019|Cavalier|34624
38|019|Cavalier|34625
38|019|Cavalier|34626
38|019|Cavalier|34627
38|019|Cavalier|34628
38|019|Cavalier|34629
38|021|Dickey|31024
38|021|Dickey|31025
38|021|Dickey|31026
38|021|Dickey|31027
38|021|Dickey|31028
38|021|Dickey|31324
38|021|Dickey|31325
38|021|Dickey|31326
38|021|Dickey|31327
38|021|Dickey|31328
38|021|Dickey|31624
38|021|Dickey|31625
38|021|Dickey|31626
38|021|Dickey|31627
38|021|Dickey|31628
38|023|Divide|34304
38|023|Divide|34305
38|023|Divide|34306
38|023|Divide|34307
38|023|Divide|34308
38|023|Divide|34309
38|023|Divide|34604
38|023|Divide|34605
38|023|Divide|34606
38|023|Divide|34607
38|023|Divide|34608
38|023|Divide|34609
38|025|Dunn|32208
38|025|Dunn|32209
38|025|Dunn|32210
38|025|Dunn|32508
38|025|Dunn|32509
38|025|Dunn|32510
38|025|Dunn|32511
38|025|Dunn|32512
38|025|Dunn|32808
38|025|Dunn|32809
38|025|Dunn|32810
38|025|Dunn|32811
38|025|Dunn|32812
38|025|Dunn|33108
38|025|Dunn|33109
38|025|Dunn|33110
38|025|Dunn|33111
38|025|Dunn|33112
38|025|Dunn|33410
38|025|Dunn|33411
38|027|Eddy|33123
38|027|Eddy|33124
38|027|Eddy|33125
38|027|Eddy|33126
38|027|Eddy|33127
38|027|Eddy|33423
38|027|Eddy|33424
38|027|Eddy|33425
38|027|Eddy|33426
38|029|Emmons|31018
38|029|Emmons|31019
38|029|Emmons|31020
38|029|Emmons|31021
38|029|Emmons|31318
38|029|Emmons|31319
38|029|Emmons|31320
38|029|Emmons|31321
38|029|Emmons|31618
38|029|Emmons|31619
38|029|Emmons|31620
38|029|Emmons|31621
38|029|Emmons|31918
38|029|Emmons|31919
38|029|Emmons|31920
38|029|Emmons|31921
38|031|Foster|32823
38|031|Foster|32824
38|031|Foster|32825
38|031|Foster|32826
38|031|Foster|32827
38|031|Foster|33123
38|031|Foster|33124
38|031|Foster|33125
38|031|Foster|33126
38|031|Foster|33127
38|033|Golden Valley|31904
38|033|Golden Valley|31905
38|033|Golden Valley|31906
38|033|Golden Valley|32204
38|033|Golden Valley|32205
38|033|Golden Valley|32206
38|033|Golden Valley|32504
38|033|Golden Valley|32505
38|033|Golden Valley|32506
38|033|Golden Valley|32804
38|033|Golden Valley|32805
38|033|Golden Valley|32806
38|035|Grand Forks|33129
38|035|Grand Forks|33130
38|035|Grand Forks|33131
38|035|Grand Forks|33132
38|035|Grand Forks|33133
38|035|Grand Forks|33429
38|035|Grand Forks|33430
38|035|Grand Forks|33431
38|035|Grand Forks|33432
38|035|Grand Forks|33433
38|035|Grand Forks|33729
38|035|Grand Forks|33730
38|035|Grand Forks|33731
38|035|Grand Forks|33732
38|037|Grant|31313
38|037|Grant|31314
38|037|Grant|31315
38|037|Grant|31316
38|037|Grant|31612
38|037|Grant|31613
38|037|Grant|31614
38|037|Grant|31615
38|037|Grant|31616
38|037|Grant|31912
38|037|Grant|31913
38|037|Grant|31914
38|037|Grant|31915
38|039|Griggs|32527
38|039|Griggs|32528
38|039|Griggs|32529
38|039|Griggs|32826
38|039|Griggs|32827
38|039|Griggs|32828
38|039|Griggs|32829
38|039|Griggs|33126
38|039|Griggs|33127
38|039|Griggs|33128
38|039|Griggs|33129
38|041|Hettinger|31311
38|041|Hettinger|31312
38|041|Hettinger|31313
38|041|Hettinger|31609
38|041|Hettinger|31610
38|041|Hettinger|31611
38|041|Hettinger|31612
38|041|Hettinger|31613
38|041|Hettinger|31909
38|041|Hettinger|31910
38|041|Hettinger|31911
38|041|Hettinger|31912
38|043|Kidder|31920
38|043|Kidder|31921
38|043|Kidder|31922
38|043|Kidder|31923
38|043|Kidder|32220
38|043|Kidder|32221
38|043|Kidder|32222
38|043|Kidder|32223
38|043|Kidder|32520
38|043|Kidder|32521
38|043|Kidder|32522
38|043|Kidder|32523
38|043|Kidder|32820
38|043|Kidder|32821
38|043|Kidder|32822
38|043|Kidder|32823
38|045|La Moure|31624
38|045|La Moure|31625
38|045|La Moure|31626
38|045|La Moure|31627
38|045|La Moure|31628
38|045|La Moure|31924
38|045|La Moure|31925
38|045|La Moure|31926
38|045|La Moure|31927
38|045|La Moure|31928
38|047|Logan|31621
38|047|Logan|31622
38|047|Logan|31623
38|047|Logan|31624
38|047|Logan|31921
38|047|Logan|31922
38|047|Logan|31923
38|047|Logan|31924
38|049|Mchenry|33417
38|049|Mchenry|33418
38|049|Mchenry|33419
38|049|Mchenry|33420
38|049|Mchenry|33716
38|049|Mchenry|33717
38|049|Mchenry|33718
38|049|Mchenry|33719
38|049|Mchenry|33720
38|049|Mchenry|34016
38|049|Mchenry|34017
38|049|Mchenry|34018
38|049|Mchenry|34019
38|049|Mchenry|34020
38|049|Mchenry|34316
38|049|Mchenry|34317
38|049|Mchenry|34318
38|049|Mchenry|34319
38|051|Mcintosh|31021
38|051|Mcintosh|31022
38|051|Mcintosh|31023
38|051|Mcintosh|31024
38|051|Mcintosh|31321
38|051|Mcintosh|31322
38|051|Mcintosh|31323
38|051|Mcintosh|31324
38|051|Mcintosh|31621
38|051|Mcintosh|31622
38|051|Mcintosh|31623
38|051|Mcintosh|31624
38|053|Mckenzie|32804
38|053|Mckenzie|32805
38|053|Mckenzie|32806
38|053|Mckenzie|32807
38|053|Mckenzie|32808
38|053|Mckenzie|33104
38|053|Mckenzie|33105
38|053|Mckenzie|33106
38|053|Mckenzie|33107
38|053|Mckenzie|33108
38|053|Mckenzie|33109
38|053|Mckenzie|33110
38|053|Mckenzie|33404
38|053|Mckenzie|33405
38|053|Mckenzie|33406
38|053|Mckenzie|33407
38|053|Mckenzie|33408
38|053|Mckenzie|33409
38|053|Mckenzie|33410
38|053|Mckenzie|33705
38|053|Mckenzie|33706
38|053|Mckenzie|33707
38|053|Mckenzie|33708
38|053|Mckenzie|33709
38|053|Mckenzie|33710
38|055|Mclean|32516
38|055|Mclean|32517
38|055|Mclean|32518
38|055|Mclean|32813
38|055|Mclean|32815
38|055|Mclean|32816
38|055|Mclean|32817
38|055|Mclean|32818
38|055|Mclean|33111
38|055|Mclean|33112
38|055|Mclean|33113
38|055|Mclean|33114
38|055|Mclean|33115
38|055|Mclean|33116
38|055|Mclean|33117
38|055|Mclean|33118
38|055|Mclean|33411
38|055|Mclean|33412
38|055|Mclean|33413
38|055|Mclean|33414
38|055|Mclean|33415
38|055|Mclean|33416
38|055|Mclean|33417
38|055|Mclean|33418
38|057|Mercer|32212
38|057|Mercer|32213
38|057|Mercer|32512
38|057|Mercer|32513
38|057|Mercer|32514
38|057|Mercer|32515
38|057|Mercer|32812
38|057|Mercer|32813
38|057|Mercer|32814
38|057|Mercer|32815
38|057|Mercer|33112
38|057|Mercer|33113
38|057|Mercer|33114
38|057|Mercer|33115
38|059|Morton|31615
38|059|Morton|31616
38|059|Morton|31617
38|059|Morton|31618
38|059|Morton|31912
38|059|Morton|31913
38|059|Morton|31914
38|059|Morton|31915
38|059|Morton|31916
38|059|Morton|31917
38|059|Morton|31918
38|059|Morton|32212
38|059|Morton|32213
38|059|Morton|32214
38|059|Morton|32215
38|059|Morton|32216
38|059|Morton|32217
38|061|Mountrail|33410
38|061|Mountrail|33411
38|061|Mountrail|33412
38|061|Mountrail|33413
38|061|Mountrail|33709
38|061|Mountrail|33710
38|061|Mountrail|33711
38|061|Mountrail|33712
38|061|Mountrail|33713
38|061|Mountrail|34009
38|061|Mountrail|34010
38|061|Mountrail|34011
38|061|Mountrail|34012
38|061|Mountrail|34013
38|061|Mountrail|34309
38|061|Mountrail|34310
38|061|Mountrail|34311
38|061|Mountrail|34312
38|061|Mountrail|34313
38|063|Nelson|33126
38|063|Nelson|33127
38|063|Nelson|33128
38|063|Nelson|33129
38|063|Nelson|33426
38|063|Nelson|33427
38|063|Nelson|33428
38|063|Nelson|33429
38|063|Nelson|33726
38|063|Nelson|33727
38|063|Nelson|33728
38|063|Nelson|33729
38|065|Oliver|32213
38|065|Oliver|32214
38|065|Oliver|32215
38|065|Oliver|32216
38|065|Oliver|32217
38|065|Oliver|32513
38|065|Oliver|32514
38|065|Oliver|32515
38|065|Oliver|32516
38|065|Oliver|32517
38|065|Oliver|32815
38|065|Oliver|32816
38|065|Oliver|32817
38|067|Pembina|34329
38|067|Pembina|34330
38|067|Pembina|34331
38|067|Pembina|34332
38|067|Pembina|34629
38|067|Pembina|34630
38|067|Pembina|34631
38|067|Pembina|34632
38|069|Pierce|33420
38|069|Pierce|33421
38|069|Pierce|33720
38|069|Pierce|33721
38|069|Pierce|34019
38|069|Pierce|34020
38|069|Pierce|34021
38|069|Pierce|34022
38|069|Pierce|34023
38|069|Pierce|34319
38|069|Pierce|34320
38|069|Pierce|34321
38|069|Pierce|34322
38|069|Pierce|34323
38|071|Ramsey|33425
38|071|Ramsey|33426
38|071|Ramsey|33724
38|071|Ramsey|33725
38|071|Ramsey|33726
38|071|Ramsey|33727
38|071|Ramsey|34024
38|071|Ramsey|34025
38|071|Ramsey|34026
38|071|Ramsey|34027
38|071|Ramsey|34325
38|071|Ramsey|34326
38|071|Ramsey|34327
38|073|Ransom|31628
38|073|Ransom|31629
38|073|Ransom|31630
38|073|Ransom|31631
38|073|Ransom|31928
38|073|Ransom|31929
38|073|Ransom|31930
38|073|Ransom|31931
38|075|Renville|34013
38|075|Renville|34014
38|075|Renville|34015
38|075|Renville|34016
38|075|Renville|34312
38|075|Renville|34313
38|075|Renville|34314
38|075|Renville|34315
38|075|Renville|34316
38|075|Renville|34612
38|075|Renville|34613
38|075|Renville|34614
38|075|Renville|34615
38|077|Richland|31031
38|077|Richland|31032
38|077|Richland|31033
38|077|Richland|31034
38|077|Richland|31331
38|077|Richland|31332
38|077|Richland|31333
38|077|Richland|31334
38|077|Richland|31631
38|077|Richland|31632
38|077|Richland|31633
38|077|Richland|31634
38|077|Richland|31931
38|077|Richland|31932
38|077|Richland|31933
38|077|Richland|31934
38|079|Rolette|34320
38|079|Rolette|34321
38|079|Rolette|34322
38|079|Rolette|34323
38|079|Rolette|34620
38|079|Rolette|34621
38|079|Rolette|34622
38|081|Sargent|31028
38|081|Sargent|31029
38|081|Sargent|31030
38|081|Sargent|31031
38|081|Sargent|31032
38|081|Sargent|31328
38|081|Sargent|31329
38|081|Sargent|31330
38|081|Sargent|31331
38|081|Sargent|31628
38|081|Sargent|31629
38|081|Sargent|31630
38|081|Sargent|31631
38|083|Sheridan|32818
38|083|Sheridan|32819
38|083|Sheridan|32820
38|083|Sheridan|33118
38|083|Sheridan|33119
38|083|Sheridan|33120
38|083|Sheridan|33418
38|083|Sheridan|33419
38|083|Sheridan|33420
38|085|Sioux|31013
38|085|Sioux|31014
38|085|Sioux|31015
38|085|Sioux|31016
38|085|Sioux|31017
38|085|Sioux|31018
38|085|Sioux|31313
38|085|Sioux|31314
38|085|Sioux|31315
38|085|Sioux|31316
38|085|Sioux|31317
38|085|Sioux|31318
38|085|Sioux|31616
38|085|Sioux|31617
38|085|Sioux|31618
38|087|Slope|31604
38|087|Slope|31605
38|087|Slope|31606
38|087|Slope|31607
38|087|Slope|31608
38|087|Slope|31609
38|087|Slope|31904
38|087|Slope|31905
38|087|Slope|31906
38|087|Slope|31907
38|087|Slope|31908
38|087|Slope|31909
38|089|Stark|31908
38|089|Stark|31909
38|089|Stark|31910
38|089|Stark|31911
38|089|Stark|31912
38|089|Stark|32208
38|089|Stark|32209
38|089|Stark|32210
38|089|Stark|32211
38|089|Stark|32212
38|089|Stark|32510
38|089|Stark|32511
38|089|Stark|32512
38|091|Steele|32529
38|091|Steele|32530
38|091|Steele|32531
38|091|Steele|32829
38|091|Steele|32830
38|091|Steele|32831
38|091|Steele|33129
38|091|Steele|33130
38|091|Steele|33131
38|093|Stutsman|31923
38|093|Stutsman|31924
38|093|Stutsman|31925
38|093|Stutsman|31926
38|093|Stutsman|31927
38|093|Stutsman|32223
38|093|Stutsman|32224
38|093|Stutsman|32225
38|093|Stutsman|32226
38|093|Stutsman|32227
38|093|Stutsman|32523
38|093|Stutsman|32524
38|093|Stutsman|32525
38|093|Stutsman|32526
38|093|Stutsman|32527
38|093|Stutsman|32823
38|093|Stutsman|32824
38|093|Stutsman|32825
38|093|Stutsman|32826
38|093|Stutsman|32827
38|095|Towner|34023
38|095|Towner|34024
38|095|Towner|34025
38|095|Towner|34322
38|095|Towner|34323
38|095|Towner|34324
38|095|Towner|34325
38|095|Towner|34622
38|095|Towner|34623
38|095|Towner|34624
38|095|Towner|34625
38|097|Traill|32531
38|097|Traill|32532
38|097|Traill|32533
38|097|Traill|32831
38|097|Traill|32832
38|097|Traill|32833
38|097|Traill|33131
38|097|Traill|33132
38|097|Traill|33133
38|099|Walsh|33727
38|099|Walsh|33728
38|099|Walsh|33729
38|099|Walsh|33730
38|099|Walsh|33731
38|099|Walsh|33732
38|099|Walsh|34027
38|099|Walsh|34028
38|099|Walsh|34029
38|099|Walsh|34030
38|099|Walsh|34031
38|099|Walsh|34032
38|099|Walsh|34327
38|099|Walsh|34328
38|099|Walsh|34329
38|099|Walsh|34330
38|099|Walsh|34331
38|099|Walsh|34332
38|101|Ward|33413
38|101|Ward|33414
38|101|Ward|33415
38|101|Ward|33416
38|101|Ward|33417
38|101|Ward|33713
38|101|Ward|33714
38|101|Ward|33715
38|101|Ward|33716
38|101|Ward|33717
38|101|Ward|34013
38|101|Ward|34014
38|101|Ward|34015
38|101|Ward|34016
38|101|Ward|34312
38|101|Ward|34313
38|101|Ward|34612
38|103|Wells|32820
38|103|Wells|32821
38|103|Wells|32822
38|103|Wells|32823
38|103|Wells|33120
38|103|Wells|33121
38|103|Wells|33122
38|103|Wells|33123
38|103|Wells|33420
38|103|Wells|33421
38|103|Wells|33422
38|103|Wells|33423
38|105|Williams|33404
38|105|Williams|33405
38|105|Williams|33704
38|105|Williams|33705
38|105|Williams|33706
38|105|Williams|33707
38|105|Williams|33708
38|105|Williams|33709
38|105|Williams|34004
38|105|Williams|34005
38|105|Williams|34006
38|105|Williams|34007
38|105|Williams|34008
38|105|Williams|34009
38|105|Williams|34304
38|105|Williams|34305
38|105|Williams|34306
38|105|Williams|34307
38|105|Williams|34308
38|105|Williams|34309
46|003|Aurora|28025
46|003|Aurora|28026
46|003|Aurora|28027
46|003|Aurora|28325
46|003|Aurora|28326
46|003|Aurora|28327
46|003|Aurora|28625
46|003|Aurora|28626
46|003|Aurora|28627
46|005|Beadle|28926
46|005|Beadle|28927
46|005|Beadle|28928
46|005|Beadle|28929
46|005|Beadle|29226
46|005|Beadle|29227
46|005|Beadle|29228
46|005|Beadle|29229
46|005|Beadle|29526
46|005|Beadle|29527
46|005|Beadle|29528
46|005|Beadle|29529
46|007|Bennett|27412
46|007|Bennett|27413
46|007|Bennett|27414
46|007|Bennett|27415
46|007|Bennett|27416
46|007|Bennett|27712
46|007|Bennett|27713
46|007|Bennett|27714
46|007|Bennett|27715
46|007|Bennett|27716
46|007|Bennett|28012
46|007|Bennett|28013
46|007|Bennett|28014
46|007|Bennett|28015
46|007|Bennett|28016
46|009|Bon Homme|27428
46|009|Bon Homme|27429
46|009|Bon Homme|27430
46|009|Bon Homme|27728
46|009|Bon Homme|27729
46|009|Bon Homme|27730
46|011|Brookings|28932
46|011|Brookings|28933
46|011|Brookings|28934
46|011|Brookings|28935
46|011|Brookings|29232
46|011|Brookings|29233
46|011|Brookings|29234
46|011|Brookings|29235
46|011|Brookings|29532
46|011|Brookings|29533
46|011|Brookings|29534
46|011|Brookings|29535
46|013|Brown|30126
46|013|Brown|30127
46|013|Brown|30128
46|013|Brown|30129
46|013|Brown|30426
46|013|Brown|30427
46|013|Brown|30428
46|013|Brown|30429
46|013|Brown|30726
46|013|Brown|30727
46|013|Brown|30728
46|013|Brown|30729
46|013|Brown|31026
46|013|Brown|31027
46|013|Brown|31028
46|013|Brown|31029
46|015|Brule|28023
46|015|Brule|28024
46|015|Brule|28025
46|015|Brule|28323
46|015|Brule|28324
46|015|Brule|28325
46|015|Brule|28623
46|015|Brule|28624
46|015|Brule|28625
46|017|Buffalo|28623
46|017|Buffalo|28624
46|017|Buffalo|28625
46|017|Buffalo|28922
46|017|Buffalo|28923
46|017|Buffalo|28924
46|017|Buffalo|28925
46|019|Butte|29504
46|019|Butte|29505
46|019|Butte|29506
46|019|Butte|29507
46|019|Butte|29508
46|019|Butte|29509
46|019|Butte|29804
46|019|Butte|29805
46|019|Butte|29806
46|019|Butte|29807
46|019|Butte|29808
46|019|Butte|29809
46|019|Butte|30104
46|019|Butte|30105
46|019|Butte|30106
46|019|Butte|30107
46|019|Butte|30108
46|019|Butte|30109
46|021|Campbell|30719
46|021|Campbell|30720
46|021|Campbell|30721
46|021|Campbell|30722
46|021|Campbell|31019
46|021|Campbell|31020
46|021|Campbell|31021
46|021|Campbell|31022
46|023|Charles Mix|27427
46|023|Charles Mix|27428
46|023|Charles Mix|27725
46|023|Charles Mix|27726
46|023|Charles Mix|27727
46|023|Charles Mix|27728
46|023|Charles Mix|28023
46|023|Charles Mix|28024
46|023|Charles Mix|28025
46|023|Charles Mix|28026
46|023|Charles Mix|28027
46|025|Clark|29529
46|025|Clark|29530
46|025|Clark|29531
46|025|Clark|29829
46|025|Clark|29830
46|025|Clark|29831
46|025|Clark|30129
46|025|Clark|30130
46|025|Clark|30131
46|027|Clay|27133
46|027|Clay|27432
46|027|Clay|27433
46|027|Clay|27732
46|027|Clay|27733
46|029|Codington|29831
46|029|Codington|29832
46|029|Codington|29833
46|029|Codington|30131
46|029|Codington|30132
46|029|Codington|30133
46|031|Corson|30412
46|031|Corson|30413
46|031|Corson|30414
46|031|Corson|30415
46|031|Corson|30416
46|031|Corson|30417
46|031|Corson|30418
46|031|Corson|30419
46|031|Corson|30712
46|031|Corson|30713
46|031|Corson|30714
46|031|Corson|30715
46|031|Corson|30716
46|031|Corson|30717
46|031|Corson|30718
46|031|Corson|30719
46|031|Corson|31012
46|031|Corson|31013
46|031|Corson|31014
46|031|Corson|31015
46|031|Corson|31016
46|031|Corson|31017
46|031|Corson|31018
46|031|Corson|31019
46|033|Custer|28004
46|033|Custer|28005
46|033|Custer|28006
46|033|Custer|28007
46|033|Custer|28008
46|033|Custer|28304
46|033|Custer|28305
46|033|Custer|28306
46|033|Custer|28307
46|033|Custer|28308
46|033|Custer|28309
46|033|Custer|28604
46|033|Custer|28605
46|033|Custer|28606
46|033|Custer|28607
46|033|Custer|28608
46|033|Custer|28609
46|033|Custer|28610
46|035|Davison|28027
46|035|Davison|28028
46|035|Davison|28029
46|035|Davison|28327
46|035|Davison|28328
46|035|Davison|28329
46|035|Davison|28627
46|035|Davison|28628
46|035|Davison|28629
46|037|Day|30129
46|037|Day|30130
46|037|Day|30131
46|037|Day|30132
46|037|Day|30429
46|037|Day|30430
46|037|Day|30431
46|037|Day|30432
46|037|Day|30729
46|037|Day|30730
46|037|Day|30731
46|037|Day|30732
46|039|Deuel|29533
46|039|Deuel|29534
46|039|Deuel|29535
46|039|Deuel|29833
46|039|Deuel|29834
46|039|Deuel|29835
46|041|Dewey|29516
46|041|Dewey|29517
46|041|Dewey|29814
46|041|Dewey|29815
46|041|Dewey|29816
46|041|Dewey|29817
46|041|Dewey|29818
46|041|Dewey|29819
46|041|Dewey|30114
46|041|Dewey|30115
46|041|Dewey|30116
46|041|Dewey|30117
46|041|Dewey|30118
46|041|Dewey|30119
46|041|Dewey|30415
46|041|Dewey|30416
46|041|Dewey|30417
46|041|Dewey|30418
46|041|Dewey|30419
46|043|Douglas|27727
46|043|Douglas|27728
46|043|Douglas|28026
46|043|Douglas|28027
46|043|Douglas|28028
46|045|Edmunds|30122
46|045|Edmunds|30123
46|045|Edmunds|30124
46|045|Edmunds|30125
46|045|Edmunds|30126
46|045|Edmunds|30422
46|045|Edmunds|30423
46|045|Edmunds|30424
46|045|Edmunds|30425
46|045|Edmunds|30426
46|045|Edmunds|30722
46|045|Edmunds|30723
46|045|Edmunds|30724
46|045|Edmunds|30725
46|045|Edmunds|30726
46|047|Fall River|27704
46|047|Fall River|27705
46|047|Fall River|27706
46|047|Fall River|27707
46|047|Fall River|27708
46|047|Fall River|28004
46|047|Fall River|28005
46|047|Fall River|28006
46|047|Fall River|28007
46|047|Fall River|28008
46|049|Faulk|29822
46|049|Faulk|29823
46|049|Faulk|29824
46|049|Faulk|29825
46|049|Faulk|29826
46|049|Faulk|30122
46|049|Faulk|30123
46|049|Faulk|30124
46|049|Faulk|30125
46|049|Faulk|30126
46|051|Grant|29833
46|051|Grant|29834
46|051|Grant|29835
46|051|Grant|30132
46|051|Grant|30133
46|051|Grant|30134
46|051|Grant|30135
46|051|Grant|30432
46|051|Grant|30433
46|051|Grant|30434
46|051|Grant|30435
46|053|Gregory|27422
46|053|Gregory|27423
46|053|Gregory|27424
46|053|Gregory|27425
46|053|Gregory|27426
46|053|Gregory|27427
46|053|Gregory|27722
46|053|Gregory|27723
46|053|Gregory|27724
46|053|Gregory|27725
46|053|Gregory|27726
46|053|Gregory|27727
46|053|Gregory|28022
46|053|Gregory|28023
46|053|Gregory|28024
46|053|Gregory|28025
46|055|Haakon|28612
46|055|Haakon|28613
46|055|Haakon|28614
46|055|Haakon|28615
46|055|Haakon|28616
46|055|Haakon|28912
46|055|Haakon|28913
46|055|Haakon|28914
46|055|Haakon|28915
46|055|Haakon|28916
46|055|Haakon|29212
46|055|Haakon|29213
46|055|Haakon|29214
46|055|Haakon|29215
46|055|Haakon|29216
46|055|Haakon|29512
46|055|Haakon|29513
46|055|Haakon|29514
46|055|Haakon|29515
46|055|Haakon|29516
46|057|Hamlin|29531
46|057|Hamlin|29532
46|057|Hamlin|29533
46|057|Hamlin|29831
46|057|Hamlin|29832
46|057|Hamlin|29833
46|059|Hand|28923
46|059|Hand|28924
46|059|Hand|28925
46|059|Hand|28926
46|059|Hand|29223
46|059|Hand|29224
46|059|Hand|29225
46|059|Hand|29226
46|059|Hand|29523
46|059|Hand|29524
46|059|Hand|29525
46|059|Hand|29526
46|059|Hand|29823
46|059|Hand|29824
46|059|Hand|29825
46|059|Hand|29826
46|061|Hanson|28029
46|061|Hanson|28030
46|061|Hanson|28329
46|061|Hanson|28330
46|061|Hanson|28629
46|061|Hanson|28630
46|063|Harding|30104
46|063|Harding|30105
46|063|Harding|30106
46|063|Harding|30107
46|063|Harding|30108
46|063|Harding|30109
46|063|Harding|30404
46|063|Harding|30405
46|063|Harding|30406
46|063|Harding|30407
46|063|Harding|30408
46|063|Harding|30409
46|063|Harding|30704
46|063|Harding|30705
46|063|Harding|30706
46|063|Harding|30707
46|063|Harding|30708
46|063|Harding|30709
46|063|Harding|31004
46|063|Harding|31005
46|063|Harding|31006
46|063|Harding|31007
46|063|Harding|31008
46|063|Harding|31009
46|065|Hughes|28921
46|065|Hughes|28922
46|065|Hughes|29218
46|065|Hughes|29219
46|065|Hughes|29220
46|065|Hughes|29221
46|065|Hughes|29222
46|065|Hughes|29518
46|065|Hughes|29519
46|065|Hughes|29520
46|065|Hughes|29521
46|065|Hughes|29522
46|067|Hutchinson|27728
46|067|Hutchinson|27729
46|067|Hutchinson|27730
46|067|Hutchinson|27731
46|067|Hutchinson|28028
46|067|Hutchinson|28029
46|067|Hutchinson|28030
46|067|Hutchinson|28031
46|069|Hyde|28922
46|069|Hyde|28923
46|069|Hyde|29222
46|069|Hyde|29223
46|069|Hyde|29522
46|069|Hyde|29523
46|069|Hyde|29822
46|069|Hyde|29823
46|071|Jackson|28012
46|071|Jackson|28013
46|071|Jackson|28014
46|071|Jackson|28015
46|071|Jackson|28016
46|071|Jackson|28312
46|071|Jackson|28313
46|071|Jackson|28314
46|071|Jackson|28315
46|071|Jackson|28316
46|071|Jackson|28612
46|071|Jackson|28613
46|071|Jackson|28614
46|071|Jackson|28615
46|071|Jackson|28616
46|073|Jerauld|28625
46|073|Jerauld|28626
46|073|Jerauld|28627
46|073|Jerauld|28925
46|073|Jerauld|28926
46|073|Jerauld|28927
46|075|Jones|28317
46|075|Jones|28318
46|075|Jones|28319
46|075|Jones|28616
46|075|Jones|28617
46|075|Jones|28618
46|075|Jones|28619
46|075|Jones|28916
46|075|Jones|28917
46|075|Jones|28918
46|075|Jones|28919
46|077|Kingsbury|28929
46|077|Kingsbury|28930
46|077|Kingsbury|28931
46|077|Kingsbury|28932
46|077|Kingsbury|29229
46|077|Kingsbury|29230
46|077|Kingsbury|29231
46|077|Kingsbury|29232
46|077|Kingsbury|29529
46|077|Kingsbury|29530
46|077|Kingsbury|29531
46|077|Kingsbury|29532
46|079|Lake|28631
46|079|Lake|28632
46|079|Lake|28633
46|079|Lake|28931
46|079|Lake|28932
46|079|Lake|28933
46|081|Lawrence|28904
46|081|Lawrence|28905
46|081|Lawrence|28906
46|081|Lawrence|28907
46|081|Lawrence|29204
46|081|Lawrence|29205
46|081|Lawrence|29206
46|081|Lawrence|29207
46|081|Lawrence|29504
46|081|Lawrence|29505
46|081|Lawrence|29506
46|083|Lincoln|27733
46|083|Lincoln|27734
46|083|Lincoln|27735
46|083|Lincoln|28033
46|083|Lincoln|28034
46|083|Lincoln|28333
46|083|Lincoln|28334
46|085|Lyman|28022
46|085|Lyman|28023
46|085|Lyman|28319
46|085|Lyman|28320
46|085|Lyman|28321
46|085|Lyman|28322
46|085|Lyman|28323
46|085|Lyman|28619
46|085|Lyman|28620
46|085|Lyman|28621
46|085|Lyman|28622
46|085|Lyman|28623
46|085|Lyman|28919
46|085|Lyman|28920
46|085|Lyman|28921
46|085|Lyman|28922
46|085|Lyman|28923
46|087|Mccook|28030
46|087|Mccook|28031
46|087|Mccook|28032
46|087|Mccook|28330
46|087|Mccook|28331
46|087|Mccook|28332
46|087|Mccook|28630
46|087|Mccook|28631
46|087|Mccook|28632
46|089|Mcpherson|30722
46|089|Mcpherson|30723
46|089|Mcpherson|30724
46|089|Mcpherson|30725
46|089|Mcpherson|30726
46|089|Mcpherson|31022
46|089|Mcpherson|31023
46|089|Mcpherson|31024
46|089|Mcpherson|31025
46|089|Mcpherson|31026
46|091|Marshall|30729
46|091|Marshall|30730
46|091|Marshall|30731
46|091|Marshall|30732
46|091|Marshall|31029
46|091|Marshall|31030
46|091|Marshall|31031
46|091|Marshall|31032
46|093|Meade|28907
46|093|Meade|28908
46|093|Meade|28909
46|093|Meade|28910
46|093|Meade|28911
46|093|Meade|29206
46|093|Meade|29207
46|093|Meade|29208
46|093|Meade|29209
46|093|Meade|29210
46|093|Meade|29211
46|093|Meade|29212
46|093|Meade|29506
46|093|Meade|29507
46|093|Meade|29508
46|093|Meade|29509
46|093|Meade|29510
46|093|Meade|29511
46|093|Meade|29512
46|093|Meade|29809
46|093|Meade|29810
46|093|Meade|29811
46|093|Meade|29812
46|093|Meade|30109
46|093|Meade|30110
46|093|Meade|30111
46|093|Meade|30112
46|095|Mellette|28016
46|095|Mellette|28017
46|095|Mellette|28018
46|095|Mellette|28019
46|095|Mellette|28020
46|095|Mellette|28316
46|095|Mellette|28317
46|095|Mellette|28318
46|095|Mellette|28319
46|095|Mellette|28320
46|095|Mellette|28616
46|095|Mellette|28617
46|095|Mellette|28618
46|097|Miner|28629
46|097|Miner|28630
46|097|Miner|28631
46|097|Miner|28929
46|097|Miner|28930
46|097|Miner|28931
46|099|Minnehaha|28032
46|099|Minnehaha|28033
46|099|Minnehaha|28332
46|099|Minnehaha|28333
46|099|Minnehaha|28334
46|099|Minnehaha|28335
46|099|Minnehaha|28632
46|099|Minnehaha|28633
46|099|Minnehaha|28634
46|099|Minnehaha|28635
46|101|Moody|28633
46|101|Moody|28634
46|101|Moody|28635
46|101|Moody|28933
46|101|Moody|28934
46|101|Moody|28935
46|102|Oglala Lakota|27409
46|102|Oglala Lakota|27410
46|102|Oglala Lakota|27411
46|102|Oglala Lakota|27412
46|102|Oglala Lakota|27708
46|102|Oglala Lakota|27709
46|102|Oglala Lakota|27710
46|102|Oglala Lakota|27711
46|102|Oglala Lakota|27712
46|102|Oglala Lakota|28008
46|102|Oglala Lakota|28009
46|102|Oglala Lakota|28010
46|102|Oglala Lakota|28011
46|102|Oglala Lakota|28012
46|102|Oglala Lakota|28308
46|102|Oglala Lakota|28309
46|102|Oglala Lakota|28310
46|102|Oglala Lakota|28311
46|102|Oglala Lakota|28312
46|103|Pennington|28309
46|103|Pennington|28310
46|103|Pennington|28311
46|103|Pennington|28312
46|103|Pennington|28604
46|103|Pennington|28605
46|103|Pennington|28606
46|103|Pennington|28607
46|103|Pennington|28608
46|103|Pennington|28609
46|103|Pennington|28610
46|103|Pennington|28611
46|103|Pennington|28612
46|103|Pennington|28904
46|103|Pennington|28905
46|103|Pennington|28906
46|103|Pennington|28907
46|103|Pennington|28908
46|103|Pennington|28909
46|103|Pennington|28910
46|103|Pennington|28911
46|103|Pennington|28912
46|103|Pennington|29211
46|103|Pennington|29212
46|103|Pennington|29512
46|105|Perkins|30109
46|105|Perkins|30110
46|105|Perkins|30111
46|105|Perkins|30112
46|105|Perkins|30113
46|105|Perkins|30409
46|105|Perkins|30410
46|105|Perkins|30411
46|105|Perkins|30412
46|105|Perkins|30413
46|105|Perkins|30709
46|105|Perkins|30710
46|105|Perkins|30711
46|105|Perkins|30712
46|105|Perkins|31009
46|105|Perkins|31010
46|105|Perkins|31011
46|105|Perkins|31012
46|107|Potter|29819
46|107|Potter|29820
46|107|Potter|29821
46|107|Potter|29822
46|107|Potter|30119
46|107|Potter|30120
46|107|Potter|30121
46|107|Potter|30122
46|109|Roberts|30432
46|109|Roberts|30433
46|109|Roberts|30434
46|109|Roberts|30435
46|109|Roberts|30732
46|109|Roberts|30733
46|109|Roberts|30734
46|109|Roberts|31032
46|109|Roberts|31033
46|109|Roberts|31034
46|111|Sanborn|28627
46|111|Sanborn|28628
46|111|Sanborn|28629
46|111|Sanborn|28927
46|111|Sanborn|28928
46|111|Sanborn|28929
46|115|Spink|29526
46|115|Spink|29527
46|115|Spink|29528
46|115|Spink|29529
46|115|Spink|29826
46|115|Spink|29827
46|115|Spink|29828
46|115|Spink|29829
46|115|Spink|30126
46|115|Spink|30127
46|115|Spink|30128
46|115|Spink|30129
46|117|Stanley|28916
46|117|Stanley|28917
46|117|Stanley|28918
46|117|Stanley|28919
46|117|Stanley|28920
46|117|Stanley|28921
46|117|Stanley|29216
46|117|Stanley|29217
46|117|Stanley|29218
46|117|Stanley|29219
46|117|Stanley|29220
46|117|Stanley|29221
46|117|Stanley|29516
46|117|Stanley|29517
46|117|Stanley|29518
46|117|Stanley|29817
46|117|Stanley|29818
46|119|Sully|29518
46|119|Sully|29519
46|119|Sully|29520
46|119|Sully|29521
46|119|Sully|29522
46|119|Sully|29818
46|119|Sully|29819
46|119|Sully|29820
46|119|Sully|29821
46|119|Sully|29822
46|121|Todd|27416
46|121|Todd|27417
46|121|Todd|27418
46|121|Todd|27419
46|121|Todd|27420
46|121|Todd|27716
46|121|Todd|27717
46|121|Todd|27718
46|121|Todd|27719
46|121|Todd|27720
46|121|Todd|28016
46|121|Todd|28017
46|121|Todd|28018
46|121|Todd|28019
46|121|Todd|28020
46|123|Tripp|27420
46|123|Tripp|27421
46|123|Tripp|27422
46|123|Tripp|27720
46|123|Tripp|27721
46|123|Tripp|27722
46|123|Tripp|28020
46|123|Tripp|28021
46|123|Tripp|28022
46|123|Tripp|28320
46|123|Tripp|28321
46|123|Tripp|28322
46|123|Tripp|28622
46|125|Turner|27731
46|125|Turner|27732
46|125|Turner|27733
46|125|Turner|28031
46|125|Turner|28032
46|125|Turner|28033
46|125|Turner|28333
46|127|Union|26834
46|127|Union|26835
46|127|Union|27133
46|127|Union|27134
46|127|Union|27135
46|127|Union|27433
46|127|Union|27434
46|127|Union|27435
46|127|Union|27733
46|127|Union|27734
46|127|Union|27735
46|129|Walworth|30119
46|129|Walworth|30120
46|129|Walworth|30121
46|129|Walworth|30122
46|129|Walworth|30419
46|129|Walworth|30420
46|129|Walworth|30421
46|129|Walworth|30422
46|129|Walworth|30719
46|129|Walworth|30720
46|129|Walworth|30721
46|129|Walworth|30722
46|135|Yankton|27430
46|135|Yankton|27431
46|135|Yankton|27432
46|135|Yankton|27730
46|135|Yankton|27731
46|135|Yankton|27732
46|137|Ziebach|29512
46|137|Ziebach|29513
46|137|Ziebach|29514
46|137|Ziebach|29515
46|137|Ziebach|29516
46|137|Ziebach|29812
46|137|Ziebach|29813
46|137|Ziebach|29814
46|137|Ziebach|29815
46|137|Ziebach|29816
46|137|Ziebach|30112
46|137|Ziebach|30113
46|137|Ziebach|30114
46|137|Ziebach|30115
46|137|Ziebach|30412
46|137|Ziebach|30413
46|137|Ziebach|30414
46|137|Ziebach|30415
